
  1996
  35.3650000  22.3420000 -11.9800000  34.3623308  22.3447717 -11.8585591
  35.5722312  22.3090131 -12.9679612  35.7637081  23.0698889 -11.4044054
  35.8920000  21.0730000 -11.4270000  36.4264450  20.5013532 -12.1857408
  36.8720000  21.4350000 -10.3060000  37.6786089  22.0069554 -10.7646375
  36.3295570  22.0701344  -9.6056715  37.4530000  20.2480000  -9.5650000
  36.6972442  19.8571535  -8.8836976  37.7197502  19.4794529 -10.2904528
  38.6880000  20.6490000  -8.7750000  39.5173827  20.8424316  -9.4552996
  38.4805417  21.5460237  -8.1915543  39.0570000  19.5080000  -7.8370000
  38.3460099  19.4551125  -7.0125023  39.0558976  18.5618990  -8.3782862
  40.4230000  19.7710000  -7.2990000  40.4241338  20.6474262  -6.7970283
  40.6877879  19.0240419  -6.6728682  41.0820415  19.8196187  -8.0628060
  34.7410000  20.2640000 -10.8440000  33.9450000  20.8130000 -10.0810000
  34.7390000  18.9610000 -11.0420000  35.2881656  18.6339870 -11.8240351
  33.9030000  17.9980000 -10.3330000  33.1901865  18.5087001  -9.6855577
  33.1400000  17.0340000 -11.2320000  33.8661881  16.4569129 -11.8044688
  32.2510000  16.0840000 -10.4340000  31.5242012  16.6603772  -9.8615895
  31.7269940  15.4157613 -11.1173559  32.8660315  15.4964623  -9.7523568
  32.2940000  17.7140000 -12.2900000  32.9333275  18.3165184 -12.9352395
  31.7832433  16.9592362 -12.8879622  31.5561895  18.3559460 -11.8087080
  34.8000000  17.3120000  -9.2940000  35.7590000  16.6050000  -9.6650000
  34.4910000  17.5460000  -8.0380000  33.7743269  18.2265939  -7.8299830
  35.1850000  16.9030000  -6.9180000  36.2533568  16.8838573  -7.1332823
  34.9670000  17.6320000  -5.5940000  33.9910621  18.0149577  -5.2956917
  35.2582500  16.8213126  -4.9261231  35.9440000  18.7370000  -5.3750000
  35.6660000  20.0500000  -5.7980000  34.7268856  20.2596455  -6.3100672
  36.5770000  21.0760000  -5.5680000  36.4740658  22.0319942  -6.0814008
  37.6360000  20.8730000  -4.6660000  38.2730573  21.7036095  -4.3621155
  37.8690000  19.5890000  -4.1570000  38.7292939  19.3997632  -3.5149843
  37.0000000  18.5570000  -4.4730000  37.1297111  17.5760327  -4.0158589
  34.7420000  15.4410000  -6.7710000  33.5250000  15.1620000  -6.8620000
  35.7240000  14.6390000  -6.3310000  36.6948869  14.9154298  -6.2983743
  35.3660000  13.2800000  -5.8700000  34.5431287  12.8654488  -6.4523481
  36.2204663  12.6049388  -5.9177398  34.9240000  13.4200000  -4.4150000
  35.3030000  14.4030000  -3.7810000  34.0530000  12.5380000  -3.9730000
  33.6383456  11.8893632  -4.6267823  33.5650000  12.5380000  -2.5880000
  32.9161932  13.3966404  -2.4151255  32.7650000  11.2620000  -2.3310000
  31.9416971  11.2298320  -3.0446083  33.4241649  10.4102926  -2.4989170
  32.2130000  11.2030000  -0.9200000  33.0485936  11.1823302  -0.2203880
  31.6139697  12.0963536  -0.7434100  31.3750000  10.0010000  -0.7220000
  31.0140697  10.0133085   0.3064341  30.5280373  10.0703041  -1.4046057
  32.0590000   8.7490000  -0.9580000  32.0566395   8.4743653  -1.9299412
  32.7330000   8.0110000  -0.0970000  32.8360000   8.3320000   1.1870000
  32.3877958   9.1684422   1.5327997  33.3620955   7.7383040   1.8121785
  33.2450000   6.8360000  -0.5260000  33.1050882   6.5473121  -1.4836973
  33.7651946   6.2519634   0.1130599  34.6650000  12.7340000  -1.5560000
  34.6690000  13.6510000  -0.7040000  35.6740000  11.8530000  -1.6120000
  35.5934407  11.0634458  -2.2366709  36.7810000  11.8700000  -0.6540000
  36.3971435  12.0853063   0.3431943  37.4910000  10.5320000  -0.6210000
  37.8717918  10.2975459  -1.6150463  38.3210504  10.5778457   0.0839926
  36.5400000   9.2050000   0.1400000  37.7470000  13.0500000  -0.7770000
  38.1480000  13.6090000   0.2640000  37.8610000  13.4810000  -2.0190000
  37.4257176  12.9995658  -2.7928538  38.6850000  14.6860000  -2.3110000
  39.6907504  14.5751649  -1.9056841  38.7840000  14.8460000  -3.8180000
  39.2574440  13.9271558  -4.1639413  37.7502324  14.8734358  -4.1624879
  39.5400000  16.0510000  -4.3790000  39.1279758  16.9389830  -3.8996013
  40.5642135  15.8974066  -4.0391545  39.5760000  16.2420000  -5.8700000
  38.6720000  15.6440000  -6.4910000  40.4150000  16.9530000  -6.3810000
  40.3439801  16.9922928  -7.3373427  38.0490000  15.9260000  -1.6580000
  38.7440000  16.7290000  -1.0110000  41.0081907  17.3527414  -5.7408356
  38.7215788  15.7740793  -7.4412601  38.0779391  15.1592999  -5.9138738
  36.7430000  16.0490000  -1.8190000  36.2811301  15.4136670  -2.4539233
  35.9640000  17.1580000  -1.2550000  36.4444647  18.1032742  -1.5074076
  34.5280000  17.1720000  -1.8110000  34.7081291  17.2862357  -2.8799261
  33.9748427  16.2498499  -1.6327973  33.7180000  18.3540000  -1.3050000
  33.7455161  18.3657710  -0.2154106  34.2970000  19.6560000  -1.8410000
  34.2693930  19.6451630  -2.9305959  33.7080653  20.4954693  -1.4714760
  35.3286785  19.7608847  -1.5052336  32.2460000  18.1430000  -1.5960000
  31.9028913  17.2363663  -1.0976115  31.6764650  18.9966806  -1.2286302
  32.0982504  18.0439532  -2.6713877  36.0510000  17.1320000   0.2660000
  36.1590000  18.1660000   0.9200000  35.7540000  15.9800000   0.8280000
  35.3816642  15.2394729   0.2508648  35.8380000  15.7570000   2.2840000
  35.0327139  16.3243504   2.7506122  35.6560000  14.2870000   2.6230000
  36.4601246  13.7069213   2.1702392  35.6799670  14.1574502   3.7050086
  34.6971693  13.9406512   2.2372728  37.1440000  16.3140000   2.8400000
  37.1510000  16.9780000   3.8970000  38.2720000  15.9830000   2.2040000
  38.2001079  15.3394509   1.4289030  39.6100000  16.4310000   2.6160000
  39.7261243  16.2079709   3.6766000  40.7080000  15.7060000   1.8420000
  40.6104612  15.9269181   0.7790882  41.6835176  16.0412650   2.1942258
  40.6151477  14.6314048   1.9992350  39.7360000  17.9440000   2.4590000
  40.1930000  18.4990000   3.4690000  39.2270000  18.5190000   1.3850000
  38.9317412  17.9575350   0.5990747  39.2640000  19.9820000   1.2230000
  40.3136487  20.2290264   1.3821060  38.8690000  20.4210000  -0.1750000
  37.8178992  20.1885216  -0.3460000  39.0241958  21.4951062  -0.2765397
  39.4807983  19.8951247  -0.9079783  38.4910000  20.7020000   2.3210000
  38.9460000  21.6580000   2.9530000  37.2880000  20.2140000   2.5900000
  36.9151905  19.5125628   1.9662226  36.3980000  20.7810000   3.6120000
  36.3465235  21.8618926   3.4811541  34.9930000  20.2130000   3.5150000
  35.0453765  19.1248152   3.4802169  34.4182968  20.5208362   4.3885291
  34.3200000  20.7240000   2.2650000  34.2352929  21.8106008   2.2799772
  34.8624924  20.4146557   1.3716299  32.6340000  19.9860000   2.2350000
  31.7880000  21.1350000   1.1380000  32.2810902  21.1399155   0.1659213
  30.7500733  20.8249804   1.0167705  31.8197548  22.1369521   1.5660010
  36.9900000  20.7150000   5.0070000  36.9060000  21.6370000   5.8400000
  37.6880000  19.6280000   5.3140000  37.6748561  18.8898729   4.6247287
  38.3870000  19.3850000   6.5790000  37.7051209  19.4934202   7.4224365
  38.9340000  17.9520000   6.5720000  38.0710535  17.2929334   6.4768488
  39.5574458  17.8641952   5.6822216  39.7420000  17.5550000   7.7980000
  40.5806535  16.9561782   7.4427907  40.1168962  18.4776145   8.2410998
  38.9730000  16.7770000   8.8340000  39.2394747  17.1513266   9.8224178
  37.9067270  16.9268834   8.6645999  39.2930000  15.3050000   8.7510000
  39.7219406  15.1025369   7.7696136  40.0258453  15.0697477   9.5228117
  38.0770000  14.4610000   8.9460000  37.3979736  14.6785289   8.2306650
  38.3308305  13.4853998   8.8837552  37.6796239  14.6481422   9.8554884
  39.4600000  20.4670000   6.7310000  39.5070000  21.1370000   7.7760000
  40.2670000  20.6290000   5.6880000  40.2261685  19.9558149   4.9361663
  41.3870000  21.5770000   5.7130000  41.9003730  21.4772948   6.6693505
  42.3880000  21.3510000   4.6010000  43.3502633  21.6403990   5.0233705
  42.3776614  20.2753051   4.4252912  42.1730000  22.0790000   3.2890000
  41.3870406  21.5784516   2.7234737  41.8749903  23.1076282   3.4920183
  43.4440000  22.0750000   2.4900000  43.3608282  22.7371854   1.6282042
  44.2884480  22.3849738   3.1055674  43.6870000  20.7100000   2.0120000
  44.2962668  20.0874124   2.5231535  43.0980000  20.2550000   0.8920000
  42.6950000  21.1860000   0.0180000  42.8421519  22.1639896   0.2228970
  42.2457159  20.9059851  -0.8421367  42.9490000  18.9570000   0.6890000
  43.2800682  18.2995390   1.3805482  42.5048047  18.6289462  -0.1566772
  40.9270000  23.0170000   5.8810000  41.5570000  23.8340000   6.5840000
  39.6810000  23.2470000   5.4630000  39.1783996  22.5173822   4.9780772
  39.0750000  24.5910000   5.5260000  39.8721128  25.3301436   5.6058572
  38.2230000  24.9180000   4.2850000  37.6364281  24.0858506   3.8956930
  37.5582292  25.7448171   4.5351064  39.0850000  25.3880000   3.1710000
  39.4570000  24.6350000   2.0910000  40.2110000  25.3120000   1.2580000
  40.4766884  24.9568334   0.2623267  40.5240000  26.4190000   1.8890000
  41.2434485  27.0649266   1.5969854  39.7390000  26.5700000   2.9930000
  39.7356305  27.5162289   3.5340552  38.3100000  24.8610000   6.8140000
  37.6080000  25.8750000   6.9520000  38.2960000  23.9270000   7.7200000
  38.7033105  23.0501352   7.4279286  37.7650000  24.0250000   9.0720000
  38.2920290  23.2831696   9.6720227  38.0080858  25.0238623   9.4343296
  36.2640000  23.7990000   9.2100000  35.6460000  24.4000000  10.1270000
  35.6650000  23.0730000   8.2740000  36.1803864  22.8592041   7.4321167
  34.2380000  22.7950000   8.2980000  33.7294925  23.6145282   8.8058315
  33.6480000  22.6470000   6.9010000  34.3896669  22.0026917   6.4288811
  32.7024336  22.1112302   6.9843969  33.4510000  23.8890000   6.0600000
  34.3929106  24.4205394   5.9244601  32.9330000  23.4200000   4.7050000
  31.9908116  22.8887383   4.8396877  32.7738618  24.2825718   4.0578944
  33.6634527  22.7528971   4.2472741  32.5560000  24.9460000   6.6790000
  32.9830036  25.2749600   7.6263926  32.4759268  25.7967190   6.0022676
  31.5650970  24.5268562   6.8537250  33.8450000  21.6820000   9.2660000
  32.6430000  21.5940000   9.5520000  34.7850000  20.8140000   9.6050000
  35.6485390  20.7820162   9.0833274  34.4920000  19.7220000  10.5260000
  33.5656124  19.2321460  10.2265521  35.5570000  18.6330000  10.5980000
  35.9880031  18.4800648   9.6085875  36.3408760  18.9358468  11.2918784
  35.0170000  17.4080000  11.3110000  33.8050000  17.1540000  11.4550000
  35.9250000  16.6030000  11.6620000  35.5309473  15.8495114  12.1069397
  34.0150000  20.2220000  11.9010000  34.8260000  20.7780000  12.6580000
  36.7798949  16.9480872  11.3947501  33.5208734  16.3234148  11.9347426
  33.1162688  17.7768971  11.0839653  32.7460000  19.9900000  12.2050000
  32.1538673  19.6056098  11.4826965  32.1230000  20.4310000  13.4480000
  31.1012600  20.0523680  13.4199936  32.7670000  20.0040000  14.7700000
  32.6107274  18.9268364  14.7117189  33.8362398  20.2155400  14.7787787
  32.1620000  20.5120000  16.0640000  30.9670000  20.2730000  16.3550000
  32.8470000  21.3610000  16.8520000  32.4333000  21.6924755  17.7116953
  33.7717006  21.6628647  16.5801410  31.8540000  21.9410000  13.4970000
  31.4260000  22.3980000  14.5730000  31.9690000  22.6500000  12.4060000
  32.2862401  22.2237313  11.5470744  31.7070000  24.0990000  12.4110000
  32.3025188  24.5714584  13.1921783  32.0700000  24.7360000  11.0660000
  33.0797204  24.3897988  10.8452997  31.3936271  24.4090945  10.2762199
  32.0610000  26.2500000  11.1440000  33.1410000  26.8860000  11.7600000
  33.9338776  26.2920801  12.2146468  33.2060000  28.2770000  11.7940000
  34.0868844  28.7847832  12.1868112  32.1020000  29.0170000  11.3830000
  32.1360000  30.3710000  11.5250000  32.9558910  30.6871485  11.9115599
  31.0180000  28.3990000  10.7790000  30.1992249  28.9937305  10.3740266
  30.9790000  27.0040000  10.6910000  30.1044164  26.5087640  10.2691648
  30.2310000  24.3430000  12.7590000  29.2880000  23.8740000  12.1180000
  30.0880000  25.1420000  13.8030000  30.9096796  25.3844151  14.3379550
  28.7740000  25.5530000  14.3190000  28.9349198  25.9895485  15.3047127
  28.0140000  26.5650000  13.4530000  28.0943431  26.2116274  12.4250058
  26.9724457  26.5212052  13.7713499  28.5070000  27.9950000  13.5350000
  29.5941625  27.9458175  13.4736839  28.1164383  28.5023395  12.6528604
  28.1100000  28.7550000  14.7650000  27.4222152  29.5663798  14.5268532
  27.6550318  28.1000230  15.5080401  29.3190000  29.3210000  15.3240000
  29.3078699  28.9946244  16.2797481  30.2150000  30.2340000  14.9780000
  29.9380000  31.4370000  14.4950000  28.9761523  31.7168208  14.3659677
  30.6900734  32.0682175  14.2582517  31.5010000  29.8560000  14.8460000
  31.7608290  28.8939704  15.0105844  32.1996786  30.5362905  14.5830327
  27.9640000  24.3120000  14.6230000  26.7330000  24.3330000  14.6060000
  28.6890000  23.2500000  14.9980000  29.6941846  23.3036884  14.9154117
  28.1030000  22.0210000  15.5190000  28.8222600  21.5671674  16.2007626
  27.1991559  22.2848548  16.0681320  27.7480000  21.0180000  14.4360000
  27.0850000  20.0220000  14.7840000  28.2090000  21.2300000  13.2160000
  28.8019200  22.0247013  13.0236589  27.8870000  20.3180000  12.1110000
  27.1256478  19.6049627  12.4272592  27.3510000  21.1070000  10.9130000
  28.0592542  21.8618139  10.5713406  27.2666037  20.3220704  10.1614264
  26.0010000  21.7450000  11.1270000  24.8460000  20.9620000  11.1390000
  24.9310357  19.8972666  10.9217184  23.6000000  21.5180000  11.4220000
  22.7034462  20.8991987  11.4591225  23.5180000  22.8810000  11.7010000
  22.2890000  23.4380000  11.9120000  21.5724799  22.8028100  11.8432080
  24.6470000  23.6730000  11.7260000  24.5749069  24.7370664  11.9510904
  25.8970000  23.0960000  11.4580000  26.7999894  23.7045046  11.5073185
  29.1240000  19.5330000  11.6280000  30.0450000  20.1910000  11.1390000
  29.0290000  18.2230000  11.8100000  28.2359141  17.8074664  12.2773819
  30.1430000  17.3470000  11.4140000  31.0727869  17.7233167  11.8405926
  29.9220000  15.9340000  11.9070000  30.8119961  15.3491466  11.6747229
  29.7821318  15.9682351  12.9874466  28.7990000  15.3360000  11.3080000
  28.6932603  14.4436669  11.6458766  30.3590000  17.3790000   9.8950000
  29.4420000  17.6870000   9.1390000  31.5930000  17.0280000   9.5400000
  32.2646183  16.7509609  10.2416249  32.0350000  17.0920000   8.1380000
  32.1434220  18.1208438   7.7947446  33.4100000  16.4090000   8.0840000
  34.0834769  16.8867621   8.7955276  33.2643831  15.3662763   8.3661757
  34.0150000  16.4770000   6.6890000  33.3583286  15.9745509   5.9787687
  34.1740000  17.9290000   6.2890000  34.8309586  18.4320301   6.9985527
  34.6070287  17.9859679   5.2903301  33.1986116  18.4155360   6.2898169
  35.3980000  15.8100000   6.7520000  35.2876871  14.7728996   7.0687857
  35.8620785  15.8408480   5.7662106  36.0265875  16.3424779   7.4657535
  31.0300000  16.4370000   7.1830000  30.8740000  16.9240000   6.0560000
  30.5010000  15.2800000   7.5760000  30.7661694  14.8800940   8.4647405
  29.5390000  14.5610000   6.7560000  30.0815544  14.1858058   5.8882654
  29.1816944  13.7209264   7.3515740  28.3380000  15.3780000   6.2770000
  27.8860000  15.2500000   5.1200000  27.9050000  16.2810000   7.1610000
  28.2597459  16.2468602   8.1060339  26.8270000  17.2270000   6.8570000
  25.9353949  16.6668124   6.5753452  26.4840000  18.1260000   8.0540000
  27.4277200  18.4082215   8.5207363  25.9092932  19.0236633   7.8259370
  25.6810000  17.2670000   9.0480000  24.5110000  16.9330000   8.8200000
  26.3480000  17.0520000  10.1690000  25.9292924  16.5005712  10.9043299
  27.2731989  17.4401664  10.2849074  27.1640000  18.0150000   5.5970000
  26.3170000  18.2080000   4.7200000  28.3440000  18.5910000   5.5830000
  28.8944699  18.5114719   6.4260644  28.8310000  19.4750000   4.5130000
  28.1016271  20.2490422   4.2743100  30.1040000  20.1450000   5.0230000
  30.7170431  19.2892485   5.3057839  30.6453773  20.7563922   4.3010510
  29.9410000  20.9780000   6.2510000  30.1760000  20.6240000   7.5460000
  30.5110148  19.6041435   7.7350966  29.9240000  21.6900000   8.3650000
  30.2165918  21.7633610   9.3289023  29.3370000  22.6790000   7.6410000
  28.9130000  23.9430000   8.0380000  28.9695754  24.2360607   9.0863384
  28.4310000  24.7660000   7.0250000  28.0610073  25.7489426   7.3165978
  28.3980000  24.4040000   5.6820000  27.9938603  25.0579622   4.9092749
  28.8940000  23.1680000   5.2950000  29.0575820  22.9906651   4.2320353
  29.3190000  22.2840000   6.2870000  28.9400000  18.7410000   3.1830000
  28.7420000  19.3210000   2.0900000  29.5720000  17.5430000   3.2610000
  30.0496801  17.2558999   4.1033150  29.7290000  16.7110000   2.0470000
  30.1773764  17.2877277   1.2380235  30.6490000  15.4920000   2.3590000
  30.2153783  14.9224055   3.1809694  30.7820000  14.5960000   1.1360000
  31.2160114  15.1648107   0.3136927  31.4277988  13.7504702   1.3729045
  29.7975779  14.2300893   0.8442397  32.0100000  16.0500000   2.7720000
  31.8928761  16.6784960   3.6548232  32.6868430  15.2266002   3.0000264
  32.4226430  16.6435692   1.9562168  28.3790000  16.3400000   1.4290000
  28.1660000  16.4960000   0.2280000  27.5010000  15.9060000   2.2990000
  27.8530013  15.6910178   3.2209420  26.1150000  15.5670000   1.9910000
  26.1164297  14.8045885   1.2120097  25.3430000  15.0460000   3.1720000
  25.9512471  14.3213386   3.7132952  25.0891386  15.8735033   3.8344898
  23.7190000  14.3760000   2.6950000  25.3880000  16.7230000   1.3020000
  24.8940000  16.5160000   0.1720000  25.5330000  17.9130000   1.8700000
  25.9923693  17.9743091   2.7673964  24.9490000  19.1300000   1.3050000
  23.8770686  18.9586207   1.2065552  25.1670000  20.3350000   2.2000000
  26.2356061  20.5247777   2.3008243  24.6835285  21.2072312   1.7600360
  24.7387518  20.1401782   3.1832330  25.4870000  19.3540000  -0.1150000
  24.6750000  19.6860000  -0.9980000  26.8070000  19.3540000  -0.2860000
  27.3850408  19.3108360   0.5411064  27.4610000  19.5360000  -1.5790000
  27.1928820  20.5261429  -1.9475498  28.9820000  19.4760000  -1.3980000
  29.2668574  18.4873965  -1.0379732  29.4699949  19.6686976  -2.3534208
  29.2922200  20.2291802  -0.6737194  26.9430000  18.5380000  -2.6200000
  26.7670000  18.8570000  -3.7890000  26.7310000  17.3030000  -2.1930000
  27.0020492  17.0893855  -1.2437895  26.2610000  16.2160000  -3.0370000
  26.9258201  16.1511167  -3.8983382  26.2210000  14.8600000  -2.3510000
  27.2442672  14.6512980  -2.0388031  25.5918257  14.9877314  -1.4701343
  25.6970000  13.6960000  -3.1850000  25.7015246  12.8189869  -2.5377532
  24.6702223  13.9413939  -3.4563145  26.4980000  13.4000000  -4.4460000
  26.6978870  14.3263942  -4.9844589  27.4418119  12.9226755  -4.1824097
  25.6860000  12.4640000  -5.3310000  25.3895598  11.6135260  -4.7170638
  24.7972983  13.0088932  -5.6494335  26.4230000  11.9790000  -6.5250000
  27.2462995  11.4736915  -6.2301423  25.8266606  11.3664860  -7.0628716
  26.6974073  12.7668864  -7.0942405  24.9030000  16.5550000  -3.6580000
  24.8060000  16.5110000  -4.8900000  23.9720000  16.9460000  -2.8170000
  24.1744816  16.9554896  -1.8275504  22.5690000  17.1250000  -3.2470000
  22.3683582  16.5265768  -4.1356685  21.6260000  16.6730000  -2.1300000
  21.7581930  17.0977116  -1.1348898  20.6370520  16.9334152  -2.5071814
  21.6440000  15.1720000  -1.9650000  21.2090000  14.3530000  -3.0070000
  20.7449630  14.7869786  -3.8926817  21.3720000  12.9610000  -2.9100000
  21.0758951  12.3110916  -3.7334329  21.9230000  12.4060000  -1.7370000
  21.9444760  11.3244334  -1.6033869  22.4430000  13.2450000  -0.7430000
  22.9776592  12.8270077   0.1099491  22.2720000  14.6270000  -0.8510000
  22.6317670  15.2841894  -0.0593122  22.3460000  18.5060000  -3.8360000
  21.5040000  18.6920000  -4.7590000  23.2510000  19.4150000  -3.4510000
  23.8437102  19.2483155  -2.6503689  23.1780000  20.7890000  -3.9960000
  22.1286670  20.9848890  -4.2165151  23.6980000  21.8920000  -3.1070000
  24.7274124  21.5999748  -2.8993206  23.6932341  22.7726211  -3.7493269
  22.9940000  22.2120000  -1.8090000  22.9132404  21.1858100  -1.4505131
  23.6021637  22.7920029  -1.1148584  21.6310000  22.8460000  -1.8640000
  21.4080000  23.3600000  -2.9810000  20.9470000  23.0320000  -0.8740000
  20.1067282  23.4523683  -1.0699924  23.6610000  20.9440000  -5.4230000
  23.0140000  21.5140000  -6.3100000  21.3666453  22.7284144  -0.0657844
  20.5453719  23.7787521  -3.0347806  22.1340569  23.2458758  -3.5980366
  24.8670000  20.4830000  -5.6740000  25.3065769  20.0289020  -4.8861761
  25.6260000  20.6150000  -6.9030000  25.0097910  21.0569307  -7.6859961
  26.8300000  21.5280000  -6.6540000  27.3263664  21.7083865  -7.6075095
  26.4660503  22.4726801  -6.2499948  27.7470000  20.9510000  -5.7480000
  28.4861805  21.5492326  -5.6163576  26.1390000  19.3410000  -7.5690000
  26.7500000  19.4640000  -8.6420000  25.9570000  18.2220000  -6.9270000
  25.4157257  18.2419844  -6.0745201  26.6280000  16.9680000  -7.2970000
  26.4666743  16.1984222  -6.5421337  26.0280000  16.4900000  -8.6170000
  24.9724723  16.7406094  -8.5113810  26.4281251  16.9729569  -9.5084890
  26.1560000  14.9800000  -8.7820000  26.6400000  14.2660000  -7.8850000
  25.8670000  14.5060000  -9.9900000  25.9311333  13.5139693 -10.1684987
  25.5846383  15.1401085 -10.7236751  28.1490000  17.0910000  -7.3020000
  28.8130000  16.6270000  -8.2540000  28.6910000  17.8820000  -6.3830000
  28.0740775  18.4268412  -5.7976334  30.1290000  18.1150000  -6.2790000
  30.3165452  18.7910705  -5.4448210  30.9140000  16.8230000  -6.0470000
  30.7938397  16.1872727  -6.9242181  31.9707412  17.0493125  -5.9049414
  30.4870000  16.0060000  -4.8630000  30.1000000  16.5720000  -3.6550000
  30.0655515  17.6596641  -3.5925506  29.7660000  15.8080000  -2.5580000
  29.4503998  16.2806129  -1.6278741  29.8350000  14.4100000  -2.6460000
  29.6600976  13.7846805  -1.7705089  30.1360000  13.8140000  -3.8910000
  30.0780421  12.7301954  -3.9915414  30.5070000  14.6030000  -4.9930000
  30.8036465  14.1280236  -5.9281461  30.7170000  18.9030000  -7.4480000
  31.9230000  18.7940000  -7.7020000  29.9360000  19.7920000  -8.0330000
  28.9670693  19.8221581  -7.7495162  30.3410000  20.5730000  -9.1990000
  31.3546263  20.3015638  -9.4939293  29.4060000  20.3000000 -10.3660000
  29.1089837  19.2542976 -10.4459192  28.5459919  20.8996715 -10.0678723
  29.8760000  20.7710000 -11.7160000  30.5790000  21.7500000 -11.9560000
  29.5780000  19.8640000 -12.6530000  29.8300851  20.0355937 -13.6158647
  29.1022778  19.0117355 -12.3933185  30.5430000  22.0340000  -8.8230000
  29.5440000  22.6490000  -8.4230000  31.7660000  22.4920000  -8.9280000
  32.5004921  21.8027426  -9.0024647  32.1390000  23.8690000  -8.6570000
  31.5908584  24.2891539  -7.8137262  33.6840000  24.1030000  -8.4220000
  33.7666845  25.1126961  -8.0197844  34.4140000  23.1190000  -7.4910000
  34.3321411  22.1090846  -7.8928328  35.4655254  23.3971549  -7.4201240
  33.9621571  23.1527588  -6.4996378  34.2700000  24.1560000  -9.7750000
  35.2171538  24.2975374  -9.7081631  31.5040000  24.8900000  -9.5890000
  31.3160000  26.0540000  -9.2130000  31.0010000  24.4300000 -10.7060000
  30.9794177  23.4285453 -10.8353140  30.5240000  25.2910000 -11.8120000
  30.8674569  26.3116833 -11.6436486  31.0470000  24.8170000 -13.1680000
  30.8031080  23.7608909 -13.2831066  30.5508103  25.3913130 -13.9503429
  32.5490000  25.0040000 -13.2790000  33.1213853  25.1126933 -12.3577717
  32.9086669  24.1344803 -13.8291611  32.7630000  26.2360000 -14.1290000
  32.3560000  26.3080000 -15.2910000  33.2760000  27.2310000 -13.4200000
  33.4702313  28.1165447 -13.8651811  33.4704153  27.0992674 -12.4376810
  28.9930000  25.3810000 -11.8740000  28.5040000  26.0190000 -12.8370000
  28.3290000  24.6400000 -11.0120000  28.8076930  24.0950104 -10.3091923
  26.8590000  24.5790000 -11.0610000  26.5140672  24.2386571 -12.0373643
  26.3550000  23.6040000  -9.9980000  26.6847510  23.9364737  -9.0137106
  25.2658422  23.5693472 -10.0231935  26.7543536  22.6096473 -10.1976962
  26.2570000  25.9690000 -10.8070000  26.6450000  26.6860000  -9.8840000
  25.2760000  26.2930000 -11.6430000  25.1358689  25.7222153 -12.4643814
  24.4410000  27.4900000 -11.4760000  24.4555209  27.8010920 -10.4314379
  24.8140000  28.7280000 -12.3750000  24.1220989  29.5321979 -12.1247226
  26.2470000  29.2130000 -12.1840000  26.9395361  28.4094339 -12.4345494
  26.4317832  30.0674083 -12.8351074  26.3954758  29.5093371 -11.1456167
  24.5550000  28.3210000 -13.7560000  24.7679689  29.0457221 -14.3484715
  22.9760000  27.1120000 -11.7140000  22.7150000  26.2710000 -12.5940000
  22.0880000  27.7420000 -10.9710000  22.3996902  28.3817021 -10.2542506
  20.6400000  27.4970000 -11.1080000  20.4291565  27.1115812 -12.1055453
  20.1550000  26.4800000 -10.0800000  20.6150430  25.5471206 -10.4058770
  20.4581499  26.6955091  -9.0554240  18.6460000  26.3150000 -10.1150000
  18.1280000  25.7200000 -11.0780000  17.9060000  26.9270000  -9.1880000
  16.9012112  26.8252656  -9.2002199  18.3542092  27.4890405  -8.4785496
  19.9030000  28.8420000 -10.9630000  20.1690000  29.6000000 -10.0330000
  19.0580000  29.1170000 -11.9240000  18.9727202  28.4493646 -12.6770535
  18.3030000  30.3630000 -12.0150000  18.8254960  31.1360956 -11.4515993
  18.1430000  30.8360000 -13.4620000  19.0748744  31.2930233 -13.7949250
  17.9122020  29.9796776 -14.0956752  17.0120000  31.8590000 -13.5570000
  16.7514216  32.0436432 -14.5991644  16.1318098  31.5052544 -13.0201282
  17.5020000  33.1340000 -12.9300000  16.6924466  33.8132245 -12.6628364
  18.1338703  32.9621341 -12.0586209  18.3110000  33.7580000 -13.9810000
  19.3158305  33.8597597 -13.9732492  17.6200000  34.2710000 -15.0200000
  16.2870000  34.3310000 -15.0980000  15.7232641  33.9744561 -14.3395949
  15.8495722  34.7326054 -15.9149881  18.3740000  34.6980000 -16.0300000
  19.3794775  34.6212867 -15.9731665  17.9373166  35.0968297 -16.8487437
  16.9550000  30.1630000 -11.3260000  16.3960000  29.0620000 -11.4250000
  16.5530000  31.1710000 -10.5540000  17.1418099  31.9788008 -10.4095695
  15.3040000  31.0710000  -9.7820000  14.8453568  30.0966688  -9.9505948
  15.5760000  31.2290000  -8.2950000  15.9925041  32.2313748  -8.1956610
  14.6305126  31.1738644  -7.7554505  16.5430000  30.2400000  -7.6790000
  16.1590000  29.0700000  -7.5460000  17.7160000  30.7320000  -7.2770000
  18.4007058  30.1186528  -6.8585709  17.9140143  31.7155931  -7.3929127
  14.2610000  32.0630000 -10.3130000  14.6170000  33.1040000 -10.8800000
  13.0270000  31.8340000  -9.8870000  12.8650422  30.9686522  -9.3919826
  11.8710000  32.6540000 -10.2460000  11.8402724  32.8106614 -11.3242450
  10.4990000  32.0170000  -9.7890000   9.7026857  32.6098307 -10.2390395
  10.3310000  30.5540000 -10.1880000  11.1267424  29.9604291  -9.7379253
   9.3648445  30.1901421  -9.8383571  10.3812217  30.4647439 -11.2731782
  10.5070000  32.1950000  -8.3420000   9.6994575  31.8323904  -7.9705302
  12.0010000  34.1070000  -9.8100000  11.6000000  34.9690000 -10.6060000
  12.6250000  34.3770000  -8.6830000  12.8035668  33.5883569  -8.0788303
  12.8850000  35.7160000  -8.1680000  12.0626107  36.3769382  -8.4412334
  13.0230000  35.7350000  -6.6400000  12.7468309  36.7194516  -6.2622756
  12.3650245  34.9825707  -6.2057611  14.3670000  35.1740000  -6.1680000
  15.1040000  34.6020000  -6.9910000  14.7500000  35.4420000  -5.0130000
  15.6008654  35.0278761  -4.8532395  14.0100000  36.5050000  -8.8230000
  14.2460000  37.6210000  -8.3090000  14.0960488  35.9943823  -4.5787483
  15.9870934  34.2325247  -6.7005060  14.8170492  34.5182702  -7.9452886
  14.6500000  36.0180000  -9.8620000  14.3625632  35.1125252 -10.2049210
  15.7440000  36.7020000 -10.5460000  15.6387834  36.4815510 -11.6082763
  15.6005485  37.7698646 -10.3811173  17.1470000  36.3150000 -10.0960000
  18.1680000  36.6880000 -10.6940000  17.1730000  35.6610000  -8.9300000
  16.3082786  35.5512076  -8.4198021  18.4350000  35.2250000  -8.2790000
  19.2147264  35.9598707  -8.4792274  18.2720000  35.0890000  -6.7810000
  19.2590549  35.0252218  -6.3230107  17.7520216  35.9685394  -6.4013515
  17.5300000  33.9300000  -6.4630000  17.4372221  33.8609277  -5.5099936
  18.9770000  33.9630000  -8.9410000  18.2730000  33.2550000  -9.6970000
  20.2710000  33.7660000  -8.7340000  20.8160128  34.4949588  -8.2961879
  20.9700000  32.5570000  -9.2020000  20.3333520  31.7178047  -9.4822316
  21.9040000  32.9080000 -10.4190000  22.6035096  33.6749060 -10.0863715
  22.6860000  31.6990000 -10.9520000  21.9871101  30.9318075 -11.2852690
  23.3100460  32.0099478 -11.7898408  23.3168032  31.2957088 -10.1598232
  21.0990000  33.5760000 -11.4070000  21.6442651  33.8029874 -12.1638111
  21.7180000  31.9690000  -8.0000000  22.1600000  32.7120000  -7.1190000
  21.7080000  30.6500000  -7.9270000  21.1337498  30.1291583  -8.5733943
  22.5280000  29.9000000  -6.9590000  22.7177422  30.5216632  -6.0841556
  21.7650000  28.6490000  -6.5540000  21.5817402  28.0338174  -7.4349406
  22.3524270  28.0821789  -5.8319970  20.3960000  28.9910000  -6.0020000
  20.2200000  29.9280000  -5.2370000  19.5170000  28.1440000  -6.2220000
  18.6866754  28.4371531  -5.8404029  23.8430000  29.4880000  -7.6350000
  23.8470000  29.0660000  -8.8050000  19.8932534  27.4131884  -6.7176821
  19.3020792  30.1286155  -4.8935941  20.9927374  30.4992444  -4.9602784
  24.9240000  29.7340000  -6.9050000  24.8186141  30.0795457  -5.9618185
  26.2780000  29.6040000  -7.4500000  26.2262542  29.2089821  -8.4645848
  26.9930000  30.9720000  -7.4890000  26.8792129  31.3714954  -6.4812524
  28.0499509  30.8034533  -7.6952686  26.4370000  31.9590000  -8.4870000
  26.8430000  32.0030000  -9.8210000  27.6061308  31.3023783 -10.1599100
  26.2910000  32.9220000 -10.7170000  26.5878899  32.9274680 -11.7657747
  25.3570000  33.8470000 -10.2520000  24.8640000  34.8040000 -11.0940000
  25.2281335  34.7473405 -11.9804514  24.9070000  33.8030000  -8.9320000
  24.1015905  34.4504446  -8.5852559  25.5100000  32.9070000  -8.0500000
  25.2610901  32.9355676  -6.9891853  27.1610000  28.5950000  -6.7080000
  27.2890000  28.6060000  -5.4860000  27.7510000  27.7210000  -7.4930000
  27.3985467  27.6768952  -8.4384791  28.8450000  26.8320000  -7.1210000
  29.2999237  26.5109655  -8.0580595  29.5532312  27.4470888  -6.5658660
  28.4990000  25.6010000  -6.2900000  27.3390000  25.1550000  -6.2550000
  29.5600000  25.0880000  -5.6840000  30.4776720  25.4935583  -5.8001890
  29.4520000  23.7950000  -4.9940000  28.9704618  22.9936729  -5.5544418
  30.8910000  23.3400000  -4.5630000  31.5680772  23.4450481  -5.4107215
  31.3960000  24.2100000  -3.3900000  30.7196376  24.1051049  -2.5416890
  32.3951200  23.8849993  -3.0997682  31.4299647  25.2544491  -3.6999541
  30.7850000  21.8120000  -4.3190000  30.3076328  21.6991759  -3.3456080
  30.1203168  21.4327847  -5.0952033  32.1010000  21.0180000  -4.3390000
  32.7660636  21.3963643  -3.5627071  31.8927255  19.9638164  -4.1561945
  32.5787489  21.1299752  -5.3123023  28.4240000  23.7480000  -3.8720000
  27.7700000  22.6970000  -3.6930000  28.2160000  24.8810000  -3.2360000
  28.8734897  25.6404926  -3.3407742  27.1730000  24.9980000  -2.2030000
  26.6750398  24.0395182  -2.0565505  27.8160000  25.4240000  -0.8770000
  28.4243148  26.3008177  -1.0989077  27.0057034  25.7053556  -0.2044240
  28.6920000  24.3480000  -0.2040000  29.4708537  24.0022278  -0.8836538
  29.3310000  24.9970000   1.0080000  28.5527227  25.3426359   1.6883816
  29.9631180  24.2706414   1.5188138  29.9372310  25.8449958   0.6894290
  27.8080000  23.1770000   0.1920000  27.3320765  22.7634035  -0.6971199
  28.4151428  22.4079533   0.6695417  27.0418356  23.5185572   0.8880099
  25.9810000  25.8380000  -2.6590000  25.1610000  26.1110000  -1.7740000
  25.8650000  26.1040000  -3.9460000  26.5977342  25.8608433  -4.5972102
  24.6680000  26.7850000  -4.4650000  24.8530368  27.1839871  -5.4623314
  23.5210000  25.7650000  -4.5490000  23.4759712  25.2141066  -3.6095384
  22.5858455  26.3047224  -4.6982845  23.7330000  24.7900000  -5.6990000
  24.7088501  24.3217434  -5.5703408  22.9552760  24.0280689  -5.6469569
  23.6840000  25.4400000  -7.0690000  22.5740000  25.6020000  -7.5910000
  24.8130000  25.8050000  -7.6510000  24.7903082  26.2384583  -8.5629761
  25.6932914  25.6488013  -7.1811166  24.2770000  27.9400000  -3.5580000
  23.1160000  28.0310000  -3.0940000  25.1640000  28.9100000  -3.4280000
  26.0650543  28.7914244  -3.8686137  24.9300000  30.1180000  -2.6490000
  24.2663043  29.9459864  -1.8016403  26.3010000  30.6650000  -2.1340000
  27.0331205  30.5871015  -2.9377610  26.1780000  32.1350000  -1.6930000
  25.4463435  32.2136356  -0.8888881  27.1456016  32.4909117  -1.3391995
  25.8548511  32.7426278  -2.5382588  26.7510000  29.7240000  -0.9850000
  26.1406837  29.9255996  -0.1046748  26.6054201  28.6902327  -1.2984185
  28.2460000  29.9540000  -0.6410000  28.3922866  30.9874998  -0.3270284
  28.5406860  29.2842123   0.1668637  28.8570230  29.7521350  -1.5207734
  24.2040000  31.1630000  -3.5040000  24.5550000  31.4050000  -4.6670000
  23.1450000  31.6710000  -2.9050000  22.9564178  31.3800138  -1.9563888
  22.1460000  32.5100000  -3.5900000  22.0373694  32.2190606  -4.6348219
  20.8050000  32.3060000  -2.8840000  20.5195181  31.2783481  -2.6592090
  21.0080309  32.8377617  -1.9544259  19.6500000  32.9860000  -3.5880000
  19.4640000  34.1710000  -3.2440000  19.1550000  32.3200000  -4.6120000
  18.3821002  32.7057811  -5.1353533  19.5508749  31.4269478  -4.8685961
  22.5500000  33.9740000  -3.7300000  22.9170000  34.6070000  -2.7400000
  22.2680000  34.4850000  -4.9410000  21.9439157  33.8882384  -5.6886258
  22.5700000  35.9100000  -5.2550000  23.5284340  36.1832089  -4.8135701
  22.6430000  36.1390000  -6.7500000  23.0317730  37.1480753  -6.8868275
  23.3630795  35.4173517  -7.1357580  21.4320000  36.0070000  -7.4440000
  21.5794091  36.1696357  -8.3785694  21.6870000  36.9930000  -4.6420000
  22.0540000  38.1770000  -4.7740000  20.5260000  36.6600000  -4.1380000
  20.1375122  35.7437871  -4.3104251  19.6910000  37.6530000  -3.4340000
  19.6877152  38.5772292  -4.0118311  18.2670000  37.1950000  -3.2500000
  17.9558435  36.6895292  -4.1642101  18.2457424  36.4889830  -2.4198264
  17.3150000  38.3500000  -2.9590000  17.6793522  39.0013648  -2.1645994
  17.0979144  38.9456597  -3.8456597  16.0630000  37.6570000  -2.5030000
  15.6247126  37.0857418  -3.3213320  16.2799353  36.9888884  -1.6695341
  15.1010000  38.6530000  -2.0630000  15.3821987  39.5040528  -1.5974511
  13.7940000  38.3510000  -2.1110000  13.4390000  37.2570000  -2.7840000
  14.1459380  36.6923020  -3.2328371  12.4646276  36.9975479  -2.8421607
  12.9250000  39.2490000  -1.6460000  13.2603862  40.1253780  -1.2723989
  11.9353323  39.0487387  -1.6694942  20.2770000  38.1080000  -2.1060000
  20.2820000  39.3330000  -1.8760000  20.7730000  37.2020000  -1.2730000
  20.7142294  36.2227895  -1.5134000  21.3210000  37.5630000   0.0320000
  21.0095438  38.5766273   0.2842974  20.8330000  36.6110000   1.1340000
  21.3167794  35.6558360   0.9297489  21.0694629  36.9275667   2.1498597
  19.3600000  36.3610000   1.0960000  18.7190000  35.2470000   0.6430000
  19.3459197  34.3931677   0.3860140  17.3600000  35.4570000   0.6090000
  16.6718547  34.7860390   0.2985698  17.0900000  36.6960000   1.0960000
  15.8750000  37.3270000   1.3070000  14.9582689  36.7886563   1.0663992
  15.9060000  38.6110000   1.8140000  14.9805080  39.1750911   1.9296104
  17.1150000  39.2080000   2.1860000  17.1212404  40.1881067   2.6629187
  18.3330000  38.5840000   1.9650000  19.2496086  39.1149277   2.2219923
  18.3260000  37.3050000   1.4270000  22.8480000  37.6430000   0.1010000
  23.3230000  38.3960000   0.9680000  23.5370000  36.7310000  -0.5840000
  22.9924255  36.0703609  -1.1198115  24.9060000  36.3980000  -0.2760000
  25.2427742  37.0154545   0.5567258  25.0680000  34.9190000   0.1120000
  24.9637412  34.3213085  -0.7935353  26.0370085  34.7188770   0.5692453
  24.0360000  34.4280000   1.0680000  22.9590000  33.6200000   0.7770000
  22.8436919  33.3322122  -0.2679794  22.2430000  33.3440000   1.8990000
  21.5121635  32.6512447   1.9768950  22.7610000  34.0670000   2.9310000
  22.3930000  34.1330000   4.2780000  21.5147056  33.5776451   4.6070570
  23.1790000  34.9100000   5.1170000  22.9127252  34.9950249   6.1705504
  24.3020000  35.5860000   4.6480000  24.8990138  36.2136292   5.3096310
  24.6940000  35.4800000   3.3230000  25.6116698  35.9835019   3.0189134
  23.9190000  34.7280000   2.4500000  26.0890000  36.9240000  -1.0520000
  27.1420000  37.1770000  -0.4320000  25.9620000  36.9140000  -2.3530000
  25.1140965  36.5323334  -2.7473216  26.9850000  37.4330000  -3.2710000
  27.7528348  37.9778099  -2.7217177  27.6380000  36.2650000  -3.9880000
  28.3808544  36.6396724  -4.6921925  28.1237755  35.6162396  -3.2591432
  26.5620000  35.2330000  -5.0070000  26.3240000  38.3550000  -4.2860000
  25.1020000  38.3140000  -4.4750000  27.1570000  39.1650000  -4.9080000
  28.1390539  39.1454762  -4.6728653  26.7000000  40.1340000  -5.9200000
  25.6213986  40.2693530  -5.8400143  27.3810000  41.4920000  -5.7120000
  26.9787873  41.8499983  -4.7642862  28.4701487  41.5155803  -5.6759554
  26.9100000  42.4230000  -6.8240000  25.7360000  42.5590000  -7.1410000
  27.9140000  42.9380000  -7.5270000  27.7198447  43.5699694  -8.2905563
  28.8662894  42.6949146  -7.2942872  26.9850000  39.6460000  -7.3420000
  28.1300000  39.3160000  -7.6470000  25.9200000  39.4840000  -8.1160000
  24.9877494  39.4389727  -7.7316221  26.1020000  39.1800000  -9.5450000
  27.1664403  39.1278347  -9.7731790  25.4620000  37.8580000  -9.8940000
  25.8325848  37.5188451 -10.8613318  25.7113600  37.1203774  -9.1315188
  23.9510000  37.9030000  -9.8330000  23.2880000  38.8980000  -9.5420000
  23.4550000  36.7690000 -10.0480000  22.4979342  36.8240311 -10.0033831
  25.6640000  40.3170000 -10.4600000  25.7190000  40.1430000 -11.6730000
  24.1592734  36.1354096 -10.2026453  22.2890169  38.8473984  -9.5270025
  23.7477496  39.7598696  -9.3279222  25.2340000  41.4080000  -9.8600000
  25.1909516  41.4142115  -8.8509373  24.8170000  42.6070000 -10.5770000
  24.7124468  43.3771652  -9.8127923  25.6526124  42.8559981 -11.2311034
  23.5440000  42.5530000 -11.4010000  23.1910000  43.5420000 -12.0550000
  22.8220000  41.4410000 -11.3480000  23.1701114  40.6355817 -10.8477809
  21.5600000  41.3080000 -12.0920000  21.2104174  42.2950296 -12.3947603
  21.7460000  40.4540000 -13.3390000  20.8005767  40.3946037 -13.8782088
  22.5004519  40.9117460 -13.9788210  22.1970000  39.0480000 -12.9460000
  23.0995768  39.1428104 -12.3422890  21.4053555  38.5980812 -12.3468556
  22.4770000  38.1870000 -14.1220000  22.5203436  38.7970529 -15.0242504
  23.4286108  37.6733425 -13.9852802  21.4390000  37.2010000 -14.2810000
  21.6326405  36.4444645 -13.6404871  20.2420000  37.2550000 -14.8550000
  19.5030000  38.3110000 -15.1450000  19.8413095  39.2365299 -14.9235477
  18.6031411  38.1879003 -15.5868146  19.8970000  36.1270000 -15.4970000
  20.5318018  35.3415029 -15.5080013  19.0043078  36.0693026 -15.9659033
  20.4240000  40.7650000 -11.2430000  19.3850000  40.3830000 -11.7950000
  20.5900000  40.8960000  -9.9520000  21.4398536  41.3189833  -9.6071328
  19.6070000  40.4080000  -8.9730000  18.7589430  39.9366765  -9.4697421
  20.2080000  39.3840000  -7.9100000  20.9813464  39.8951868  -7.3366557
  19.1230000  38.8630000  -6.9550000  18.3494843  38.3512521  -7.5276143
  19.5679696  38.1672431  -6.2436467  18.6807225  39.7003695  -6.4152746
  20.8510000  38.3340000  -8.7150000  21.2383525  37.6764279  -8.1326279
  18.9940000  41.5970000  -8.2240000  19.6830000  42.2410000  -7.4250000
  17.6870000  41.7410000  -8.4180000  16.8870000  41.0950000  -9.4630000
  16.5302930  40.1264576  -9.1125918  17.4900105  40.9565607 -10.3603917
  15.7590000  42.0920000  -9.6710000  14.8596771  41.5700614  -9.9979517
  16.0474716  42.8247403 -10.4246426  15.5570000  42.7490000  -8.3330000
  14.9435254  42.0551034  -7.7583215  15.0945029  43.7359647  -8.3231664
  16.9530000  42.8240000  -7.7330000  17.4421642  43.7821160  -7.9085857
  16.9550000  42.5200000  -6.2420000  16.7390000  41.3560000  -5.8860000
  17.1630000  43.4930000  -5.4010000  17.3594163  44.3957104  -5.8092082
  17.1350000  43.3830000  -3.9470000  17.0465778  44.4006335  -3.5666019
  16.2319153  42.8241674  -3.7015546  18.3280000  42.7100000  -3.2870000
  18.2570000  42.2570000  -2.1260000  19.4180000  42.6270000  -4.0180000
  19.3414514  42.9273603  -4.9792613  20.6650000  41.9760000  -3.5880000
  20.4788420  40.9381095  -3.3119063  21.6590000  42.0020000  -4.7370000
  21.3779573  41.2002939  -5.4199214  21.5421761  42.9629795  -5.2379697
  23.0150000  41.8350000  -4.3430000  23.5794199  41.8625264  -5.1190621
  21.1390000  42.5820000  -2.2760000  21.0550000  43.8190000  -2.1250000
  21.6460000  41.7750000  -1.3690000  21.5045643  40.7872103  -1.5250987
  22.2540000  42.1960000  -0.1130000  22.1573019  43.2788453  -0.0342940
  21.6150000  41.5550000   1.1270000  21.6430467  40.4782294   0.9600341
  22.2618369  41.8089019   1.9667832  20.1870000  41.9830000   1.4390000
  19.6190099  42.0649091   0.5122967  19.7173413  41.2441272   2.0882995
  20.2090000  43.2990000   2.1230000  20.8972465  43.2127051   2.9638145
  20.5973357  44.0256532   1.4093685  18.9280000  43.7710000   2.6170000
  18.6415801  43.3195169   3.4738699  17.9800000  44.3020000   1.8230000
  17.8410000  43.9340000   0.5440000  18.4594727  43.2384908   0.1517520
  17.1182487  44.3534299  -0.0232819  17.5710000  45.5450000   2.1460000
  17.9758685  46.0154500   2.9427800  16.8615011  46.0003555   1.5897973
  23.7740000  42.0580000   0.0290000  24.4250000  42.7490000   0.8490000
  24.3460000  41.1430000  -0.7050000  23.7263678  40.5265535  -1.2111116
  25.7800000  40.8330000  -0.6950000  25.9305870  39.8149368  -1.0541241
  26.5650000  41.7860000  -1.5890000  26.0081991  41.8735464  -2.5219564
  26.6152358  42.7606772  -1.1036334  27.9820000  41.3280000  -1.9090000
  28.3180000  40.1690000  -1.6520000  28.8380000  42.1920000  -2.4360000
  29.7797586  41.8975246  -2.6515800  28.5445441  43.1408378  -2.6195519
  26.3150000  40.7180000   0.7310000  27.2550000  41.4710000   1.0600000
  25.7230000  39.8600000   1.5440000  24.8576226  39.4270217   1.2546023
  26.1530000  39.6900000   2.9300000  26.3981154  40.6540529   3.3756675
  25.0090000  39.0550000   3.7330000  24.6770020  38.1916226   3.1564100
  25.4101641  38.7199905   4.6895229  23.8150000  39.9980000   3.9790000
  23.6248079  40.5766728   3.0750832  22.5740000  39.1930000   4.3360000
  22.7632823  38.6143801   5.2401405  21.7375954  39.8706175   4.5073552
  22.3309216  38.5165540   3.5165891  24.1560000  40.9690000   5.1100000
  25.0314338  41.5565989   4.8335175  23.3115670  41.6359092   5.2839719
  24.3684161  40.4076215   6.0198531  27.5180000  39.0110000   3.0850000
  28.1670000  39.1970000   4.1410000  27.9730000  38.3120000   2.0610000
  27.3659197  38.0904241   1.2848190  29.2990000  37.6800000   2.1110000
  29.5779505  37.6001369   3.1616701  29.3960000  36.3030000   1.4770000
  29.0569332  36.3541112   0.4423403  30.4311130  35.9624775   1.5031832
  28.5950000  34.9610000   2.3610000  30.3900000  38.5980000   1.5890000
  31.5730000  38.2290000   1.5680000  29.9640000  39.6810000   0.9710000
  28.9728834  39.7201532   0.7805943  30.8270000  40.7250000   0.3950000
  30.2129982  41.4328714  -0.1617935  31.5890000  41.4880000   1.4830000
  30.8541459  41.6946290   2.2610701  32.4170059  40.9202900   1.9075134
  32.1260000  42.8120000   0.9570000  31.3510000  43.5890000   0.3960000
  33.4300000  43.0120000   1.0470000  33.8296568  43.8763418   0.7104179
  34.0203277  42.2994964   1.4519107  31.7110000  40.1630000  -0.7020000
  32.9470000  40.3310000  -0.6890000  31.1490000  39.4080000  -1.6160000
  30.1513213  39.2566227  -1.5733210  31.9040000  38.7800000  -2.7130000
  32.8331881  39.2616240  -3.0175439  32.1830000  37.2550000  -2.3840000
  32.2878003  36.7394159  -3.3386153  33.4370000  37.0030000  -1.5240000
  33.3327273  37.5179261  -0.5689718  33.5491322  35.9330091  -1.3489381
  34.3172229  37.3795995  -2.0450371  30.8820000  36.6390000  -1.8510000
  30.6352450  37.1837629  -0.9397118  30.1196618  36.8308463  -2.6060728
  30.9360000  35.1200000  -1.5460000  31.6978473  34.9274184  -0.7906187
  29.9659108  34.7885383  -1.1756497  31.1822665  34.5745018  -2.4569799
  31.0990000  38.8500000  -4.0130000  29.8640000  38.6880000  -3.9720000
  31.8280000  38.7950000  -5.1080000  33.2760000  39.0230000  -5.2150000
  33.7969734  38.2189636  -4.6951804  33.5168609  39.9757611  -4.7434799
  33.5550000  39.0290000  -6.7100000  34.1839471  38.1684855  -6.9381213
  34.0942162  39.9458392  -6.9482291  32.2610000  38.9670000  -7.4450000
  32.4268815  38.1108770  -8.0989386  31.9487218  39.8241235  -8.0415914
  31.1950000  38.6340000  -6.4210000  30.3046484  39.2529349  -6.5318690
  30.7920000  37.1460000  -6.4460000  31.5760000  36.2730000  -6.0050000
  29.6290000  36.9080000  -7.0330000  28.9828092  37.6607352  -7.2225431
  29.1670000  35.5220000  -7.2360000  29.2577491  35.0207825  -6.2723378
  27.7490000  35.3380000  -7.7470000  27.7032888  35.6136104  -8.8005884
  27.4530751  34.2953093  -7.6315675  26.4710000  36.1600000  -6.7620000
  30.1500000  34.7160000  -8.0730000  30.2140000  33.4840000  -7.8800000
  30.7690000  35.2940000  -9.0830000  30.4679685  36.2319477  -9.3060101
  31.7750000  34.6710000  -9.9330000  31.3108336  33.8451168 -10.4720415
  32.3810000  35.6430000 -10.9530000  33.1045426  35.1257443 -11.5831047
  31.5970675  36.0715884 -11.5773892  33.0350000  36.6810000 -10.2350000
  33.4230653  37.3032407 -10.8545334  32.9070000  34.0270000  -9.1090000
  33.3380000  32.9390000  -9.5610000  33.2260000  34.5720000  -7.9500000
  32.8444514  35.4642038  -7.6698352  34.2720000  33.9630000  -7.1070000
  35.1094541  33.7822436  -7.7808671  34.7220000  34.9300000  -6.0200000
  33.8967245  35.1137521  -5.3320642  35.5606272  34.4984895  -5.4735539
  35.0311930  35.8708732  -6.4752543  33.8690000  32.6040000  -6.5400000
  34.7030000  31.7980000  -6.0810000  32.5710000  32.3380000  -6.5190000
  31.9668316  33.1339554  -6.6657477  31.9730000  31.0930000  -6.0420000
  32.5956764  30.6283625  -5.2774836  30.6180000  31.4240000  -5.4310000
  30.0844233  31.8499242  -6.2806963  30.1781955  30.4608304  -5.1722019
  30.5110000  32.3640000  -4.2440000  30.9565123  33.3228788  -4.5088982
  29.0400000  32.5730000  -3.8570000  28.5939057  31.6145570  -3.5915086
  28.9806629  33.2494245  -3.0043396  28.4996276  33.0036060  -4.7000164
  31.2770000  31.8720000  -3.0200000  32.3337972  31.7726853  -3.2678220
  31.1608935  32.5877557  -2.2061730  30.8844286  30.9035033  -2.7101601
  32.0600000  29.9620000  -7.0490000  31.6710000  28.8150000  -6.7390000
  32.4730000  30.2710000  -8.2670000  32.5668539  31.2510193  -8.4925061
  32.6100000  29.2950000  -9.3470000  32.1562269  28.3498387  -9.0489071
  31.9140000  29.7930000 -10.6140000  32.5056470  30.6415255 -10.9575952
  32.0482913  28.9558930 -11.2990676  30.4460000  30.1830000 -10.5730000
  30.2965216  30.9236877  -9.7874182  30.0140000  30.7710000 -11.9160000
  30.1627609  30.0306794 -12.7020626  28.9600989  31.0455139 -11.8708856
  30.6106169  31.6567431 -12.1341922  29.5970000  28.9420000 -10.3290000
  29.8789261  28.4894304  -9.3783171  28.5438897  29.2216313 -10.2995669
  29.7598139  28.2256704 -11.1342717  34.0470000  28.8410000  -9.5700000
  34.3340000  28.2430000 -10.6220000  34.9420000  29.1970000  -8.6760000
  34.6576488  29.7982194  -7.9158823  36.3400000  28.7540000  -8.7270000
  36.7905561  28.9960749  -9.6895477  37.1090000  29.4820000  -7.6330000
  36.9372529  30.5566375  -7.6942897  36.8083515  29.1220673  -6.6490493
  38.4840000  29.2120000  -7.8340000  38.9997914  29.6580083  -7.1582517
  36.4740000  27.2450000  -8.4970000  35.7650000  26.6400000  -7.6810000
  37.6190000  26.7420000  -8.9430000  38.2043348  27.3042449  -9.5441349
  38.0080000  25.3430000  -8.7000000  37.1330240  24.7069074  -8.8337999
  39.1070000  24.8680000  -9.6500000  39.6794470  25.6978344 -10.0644618
  39.7860229  24.1613094  -9.1729085  38.4010000  24.2150000 -10.6910000
  39.0245286  23.8814981 -11.3402984  38.3880000  25.1530000  -7.2330000
  38.3140000  24.0550000  -6.6710000  38.8460000  26.2440000  -6.6680000
  38.8676383  27.0569851  -7.2658728  39.2820000  26.3930000  -5.2710000
  39.8037451  25.4900168  -4.9544191  40.2210000  27.6070000  -5.2120000
  41.1615556  27.3634205  -5.7060791  39.7547238  28.4526534  -5.7170761
  40.7620000  28.0410000  -3.8690000  40.3350000  27.7020000  -2.7420000
  41.7850000  28.8020000  -3.9330000  42.0680000  29.0339344  -3.0458070
  37.9990000  26.6570000  -4.4710000  37.4900000  27.7620000  -4.7120000
  42.0157536  28.9518356  -4.8525950  40.7752637  28.0503618  -1.9140117
  39.5582152  27.0764346  -2.6692577  37.7320000  25.8500000  -3.4610000
  38.2735359  25.0182701  -3.2737474  36.5150000  26.0890000  -2.6580000
  35.6809387  26.6322829  -3.1021673  35.9930000  24.7360000  -2.0460000
  35.1289337  24.9467359  -1.4158570  35.5870000  23.7430000  -3.1630000
  36.4507268  23.5314070  -3.7933214  35.2298966  22.8162706  -2.7138337
  34.7942279  24.1814531  -3.7691109  36.9200000  24.2000000  -0.9340000
  37.7318540  23.7164972  -1.4773404  37.2950836  25.0998347  -0.4464457
  36.3630000  23.2260000   0.1370000  35.9881297  22.3256640  -0.3497927
  37.1575388  22.9579132   0.8333740  35.5513572  23.7090012   0.6811008
  36.5820000  27.1420000  -1.5630000  35.6000000  27.3150000  -0.8010000
  37.7420000  27.7860000  -1.3690000  38.5508390  27.5250594  -1.9147003
  37.9130000  28.7720000  -0.3060000  37.8731065  28.3036243   0.6774286
  39.2670000  29.5910000  -0.4230000  39.2574155  30.1608162  -1.3521490
  39.4190000  30.5530000   0.7660000  39.4291336  29.9838329   1.6955406
  40.3530851  31.1063663   0.6692020  38.5827292  31.2520102   0.7776833
  40.3390000  28.5920000  -0.5140000  41.1862065  29.0375242  -0.5871410
  36.7360000  29.7610000  -0.1610000  36.3410000  29.9830000   1.0000000
  36.5070000  30.4820000  -1.2420000  37.0954190  30.3811066  -2.0566674
  35.4790000  31.5550000  -1.2440000  35.8325721  32.2988149  -0.5299795
  35.3660000  32.2120000  -2.6170000  35.0043127  31.4819176  -3.3410594
  34.6677458  33.0473221  -2.5642898  36.3451271  32.5766248  -2.9275771
  34.1250000  31.0660000  -0.7350000  33.3660000  31.6710000   0.0650000
  33.7460000  29.9190000  -1.2960000  34.3527705  29.5520895  -2.0152396
  32.4940000  29.2200000  -1.0240000  31.6683640  29.9168869  -1.1681287
  32.2820000  28.0350000  -1.9170000  33.1870369  27.4312795  -1.8497014
  31.4429739  27.4788827  -1.4988270  32.0200000  28.3350000  -3.2600000
  31.8987234  27.5197554  -3.7522073  32.4290000  28.8170000   0.4670000
  31.4070000  29.0570000   1.1100000  33.5020000  28.2110000   0.9530000
  34.2410911  27.9116322   0.3331431  33.5950000  27.8460000   2.3810000
  32.7426629  27.2657343   2.7344294  34.8900000  27.0380000   2.6500000
  35.7380852  27.5223138   2.1659639  35.1250000  26.9870000   4.1510000
  34.2774817  26.5023696   4.6357135  36.0334663  26.4213824   4.3580413
  35.2327946  28.0006292   4.5370541  34.7760000  25.6720000   2.0130000
  34.6348236  25.7825379   0.9378476  35.6872289  25.1048015   2.2028615
  33.9236188  25.1422034   2.4382795  33.4770000  29.1050000   3.2610000
  32.7160000  29.0200000   4.2440000  34.1990000  30.1630000   2.9120000
  34.8883802  30.0744980   2.1791823  34.1600000  31.4130000   3.6850000
  34.3510284  31.1605797   4.7280203  35.1680000  32.4720000   3.2470000
  35.1499674  32.6800797   2.1771977  34.8877291  33.3708386   3.7962153
  36.5820000  32.0830000   3.6420000  37.5460000  32.6710000   3.1200000
  36.7100000  31.1880000   4.6310000  37.6302526  30.8976908   4.9292541
  35.8856426  30.8077892   5.0736912  32.7470000  32.0340000   3.8030000
  32.3610000  32.3930000   4.9080000  32.0960000  31.9960000   2.6700000
  32.5610224  31.8057642   1.7938357  30.6950000  32.4490000   2.6330000
  30.5786203  33.3754268   3.1953952  30.2910000  32.7040000   1.1850000
  31.0517817  33.3131263   0.6968651  30.1962626  31.7530230   0.6608173
  28.6440000  33.4310000   1.0460000  29.7780000  31.5270000   3.4240000
  28.9730000  32.0250000   4.2360000  29.9450000  30.2250000   3.2630000
  30.6454937  29.8993369   2.6123454  29.1340000  29.2270000   3.9690000
  28.1044037  29.4132598   3.6634875  29.4950000  27.7940000   3.6120000
  30.5203751  27.5895505   3.9200688  28.8188537  27.1099070   4.1247798
  29.4049674  27.6536602   2.5348287  29.2360000  29.3300000   5.4910000
  28.2220000  29.1800000   6.1790000  30.4240000  29.6280000   5.9870000
  31.2353749  29.5895415   5.3867575  30.6270000  29.9120000   7.4190000
  30.2385491  29.0758833   8.0004757  32.1000000  30.1120000   7.7750000
  32.5325098  30.8283310   7.0764985  32.1621290  30.5100286   8.7878244
  32.8740000  28.7920000   7.6970000  32.5317971  28.1196533   8.4837325
  32.7084677  28.3271663   6.7250789  34.3580000  29.0710000   7.8790000
  34.6803537  29.6874805   7.0398702  34.4742144  29.6314164   8.8066460
  35.2050000  27.8160000   7.9380000  34.8811948  27.1733024   8.7566516
  35.1419302  27.2666276   6.9986857  36.6100000  28.2420000   8.1690000
  36.6687374  28.7507079   9.0395550  37.2056298  27.4275734   8.2141051
  36.9103806  28.8372017   7.4103133  29.8020000  31.1150000   7.9060000
  29.2960000  31.0110000   9.0270000  29.6600000  32.1010000   7.0490000
  30.1970263  32.1277704   6.1940232  28.8110000  33.2630000   7.3790000
  29.0024337  33.5592903   8.4103411  29.0870000  34.4560000   6.4700000
  28.8665466  34.1597146   5.4444687  28.4219168  35.2679902   6.7640004
  30.5370000  34.9270000   6.5630000  30.7200656  35.2489836   7.5881412
  31.1808082  34.0792778   6.3285217  30.8410000  36.0730000   5.6100000
  30.4429245  35.8314861   4.6244515  30.3648041  36.9804854   5.9812238
  32.3400000  36.2930000   5.5100000  32.7699733  36.4215878   6.5033220
  32.8141598  35.4446632   5.0164452  32.5690000  37.5240000   4.7080000
  32.1300781  38.3102841   5.1653890  33.5614324  37.6929258   4.6265019
  32.1710270  37.4048936   3.7873859  27.3330000  32.9050000   7.3860000
  26.5700000  33.3180000   8.2720000  26.8970000  32.1270000   6.4160000
  27.5457265  31.9288208   5.6676831  25.5200000  31.6930000   6.2660000
  24.7735082  32.4767042   6.3950614  25.3070000  30.9970000   4.8960000
  26.0491048  30.2072534   4.7790335  23.8870000  30.3860000   4.8170000
  23.1442967  31.1752636   4.9334277  23.7527533  29.9012591   3.8499918
  23.7625834  29.6506093   5.6118712  25.6430000  31.9100000   3.7020000
  24.9131471  32.7195543   3.7081177  26.6375175  32.3167205   3.8853382
  25.6200000  31.2040000   2.3210000  24.6256040  30.7973981   2.1367409
  25.8682375  31.9232278   1.5404946  26.3499733  30.3945624   2.3139624
  25.0300000  30.8710000   7.4530000  24.0590000  31.2540000   8.1260000
  25.8750000  29.9660000   7.9150000  26.7664026  29.8408783   7.4569112
  25.4880000  29.0090000   8.9550000  24.4494102  28.6789254   8.9330662
  26.3980000  27.7740000   8.8590000  26.4065786  27.4126902   7.8306611
  27.8110000  28.1380000   9.2790000  27.8032931  28.4989849  10.3074607
  28.4497994  27.2576410   9.2082621  28.1957055  28.9190544   8.6232124
  25.8340000  26.5940000   9.6320000  24.8561166  26.3294114   9.2297080
  26.5075196  25.7421429   9.5381355  25.7331292  26.8626228  10.6835549
  25.4310000  29.6970000  10.3160000  24.7370000  29.2120000  11.2330000
  26.2050000  30.7520000  10.4090000  26.8259685  30.9890062   9.6485228
  26.2970000  31.5290000  11.6500000  26.1828409  30.8765713  12.5156810
  27.6470000  32.1940000  11.7230000  27.7702763  32.7974105  10.8236680
  27.6518803  32.8429016  12.5987871  28.7140000  31.2640000  11.8180000
  29.5480806  31.7373043  11.8615033  25.1240000  32.4950000  11.7650000
  24.9950000  33.1310000  12.8200000  24.3070000  32.5990000  10.7500000
  24.6370178  32.1477940   9.9095439  23.1620000  33.4950000  10.6500000
  23.3794988  34.4235803  11.1774969  22.8060000  33.8540000   9.2070000
  23.5413415  33.4167195   8.5316123  21.8170985  33.4632866   8.9681239
  22.4260000  35.3200000   9.0090000  23.2480000  36.2230000   9.2660000
  21.2760000  35.5190000   8.5510000  21.1255999  36.4625535   8.4611076
  21.9240000  33.1830000  11.4810000  21.1320000  34.1430000  11.6780000
  20.8386127  34.6768868   8.4064638  22.9967914  37.1819885   9.1318807
  24.1611552  35.9877031   9.5988681  21.7230000  31.9420000  11.8870000
  22.3004810  31.1732365  11.5777789  20.6220000  31.6560000  12.8230000
  21.0638814  31.5476164  13.8135014  19.9606198  32.5223643  12.8135949
  19.8120000  30.4130000  12.5050000  19.1950000  29.8980000  13.4580000
  19.8050000  30.0050000  11.2440000  20.0861565  30.6532095  10.5222834
  19.0760000  28.7990000  10.8480000  18.6281175  28.3672071  11.7430170
  17.9760000  29.0460000   9.8240000  17.7031511  30.0873939   9.6532623
  18.4752713  28.6519363   8.9388209  16.7080000  28.2450000  10.0630000
  16.5130000  27.5770000  11.0980000  15.6720000  28.4280000   9.2400000
  14.8197031  27.9049870   9.3819409  15.7456614  29.0885532   8.4795105
  19.9900000  27.6000000  10.5970000  19.4720000  26.5790000  10.1170000
  21.2400000  27.7110000  10.9970000  21.5872311  28.5684474  11.4023565
  22.1770000  26.5670000  10.8600000  23.1890572  26.8565662  11.1428264
  21.8558037  25.7249973  11.4731588  22.1730000  26.1420000   9.3880000
  22.1510000  27.0400000   8.5410000  22.1850000  24.8470000   9.1150000
  22.2398182  24.1664279   9.8592553  22.2780000  24.3700000   7.7240000
  22.8012667  25.1140532   7.1234370  23.0360000  23.0480000   7.6320000
  22.6246271  22.3690490   8.3789251  22.8745187  22.6335613   6.6368797
  24.5190000  23.2210000   7.8710000  24.9073402  24.0100117   7.2269865
  24.6969109  23.4834362   8.9138696  25.3790000  21.6600000   7.4910000
  25.3690000  21.7060000   5.7030000  25.8998074  22.5936550   5.3588908
  25.8613449  20.8150073   5.3133475  24.3397421  21.7374105   5.3455888
  20.9150000  24.3090000   7.0630000  20.9020000  23.9210000   5.8710000
  19.8960000  24.8390000   7.7350000  19.9701197  25.0486143   8.7202246
  18.5570000  24.8980000   7.1030000  18.3789437  23.9474465   6.6001648
  17.4200000  25.1500000   8.0840000  17.5580428  26.0243764   8.7200105
  16.5346537  25.2888166   7.4635228  17.2070000  23.9380000   8.9670000
  16.8360000  22.8670000   8.4430000  17.5420000  24.0470000  10.2550000
  17.4145150  23.2600573  10.8751360  17.9213403  24.9158892  10.6031856
  18.5660000  25.8310000   5.8920000  17.6780000  25.7480000   5.0210000
  19.6170000  26.6470000   5.8000000  20.2856821  26.6928930   6.5555511
  19.8240000  27.5140000   4.6340000  18.9600738  28.1692855   4.5229517
  21.0600000  28.3740000   4.8770000  21.9349581  27.7323655   4.9811805
  21.2041999  29.0501597   4.0343169  20.9253986  28.9549417   5.7894081
  20.0070000  26.7440000   3.3290000  19.7340000  27.2920000   2.2600000
  20.3710000  25.4650000   3.4340000  20.5770682  25.0606121   4.3362781
  20.5320000  24.6240000   2.2410000  20.5687338  25.2455745   1.3463520
  21.8400000  23.8260000   2.3380000  22.1112016  23.2719980   3.2366828
  21.7508857  23.1356076   1.4992408  23.0000000  24.7360000   2.0260000
  23.3600000  25.2340000   0.8030000  22.7946915  24.8930197  -0.0643284
  24.4140000  26.1020000   0.9520000  24.8874911  26.5713495   0.1933059
  24.7110000  26.2370000   2.2720000  25.6820000  26.9850000   2.9170000
  26.3886169  27.5542607   2.3130683  25.6910000  26.9600000   4.2980000
  26.4358201  27.5502066   4.8318532  24.7730000  26.2000000   5.0330000
  24.7710750  26.1951484   6.1229873  23.8330000  25.4260000   4.3790000
  23.1707646  24.8073544   4.9846588  23.7980000  25.4370000   2.9910000
  19.3170000  23.6880000   2.1100000  19.2400000  22.8160000   2.9930000
  18.4870000  23.9250000   1.1010000  18.5138181  24.7876104   0.5763254
  17.2650000  23.0960000   1.0250000  16.8638748  22.9086092   2.0210334
  16.1460000  23.6600000   0.1450000  15.8102103  24.5993800   0.5842148
  16.6070000  23.9050000  -1.2850000  16.9425288  22.9659231  -1.7250636
  15.7792315  24.3048311  -1.8706918  17.4297951  24.6199194  -1.2846026
  14.9010000  22.7830000   0.1360000  14.5121026  22.6928507   1.1502652
  14.1429713  23.2338555  -0.5044854  15.1555650  21.7936952  -0.2442283
  17.5730000  21.6110000   0.8840000  16.9230000  20.8110000   1.5870000
  18.5620000  21.3080000   0.0750000  18.9438358  22.0597911  -0.4809774
  18.9720000  19.9350000  -0.2370000  18.0082224  19.4698448  -0.4440327
  19.8570000  19.7770000  -1.4550000  20.8290157  20.2299336  -1.2597140
  19.9880006  18.7174154  -1.6745897  19.3921114  20.2697260  -2.3089315
  19.5020000  19.2440000   1.0060000  19.1970000  18.0460000   1.1740000
  20.1210000  19.9830000   1.8920000  20.4238408  20.9001842   1.5967713
  20.5510000  19.5000000   3.2020000  21.0623981  18.5475599   3.0626121
  21.4860000  20.4510000   3.9250000  22.3983137  20.4704746   3.3288426
  21.1410286  21.4711042   4.0937670  21.8580000  19.9040000   5.2520000
  22.8560000  18.9750000   5.4860000  23.4747672  18.6930491   4.6341017
  22.8480000  18.5920000   6.8080000  23.6090376  18.1172745   7.2722811
  21.7980000  19.2210000   7.4350000  21.4920000  19.2840000   8.7840000
  22.0813625  18.6891744   9.4818058  20.4430000  20.1100000   9.1620000
  20.0949817  20.1056833  10.1949398  19.8180000  20.9540000   8.2400000
  19.0242264  21.6308277   8.5561128  20.1820000  20.9590000   6.9080000
  19.6953567  21.6603444   6.2302131  21.1990000  20.0930000   6.5040000
  19.3430000  19.0850000   4.0460000  19.2840000  17.9860000   4.6430000
  18.4380000  20.0380000   4.2280000  18.6435937  20.9649598   3.8836512
  17.1850000  19.8300000   4.9550000  17.4487179  19.6063108   5.9886901
  16.2140000  20.9900000   4.9440000  15.7168832  20.8400057   3.9856285
  15.5383998  20.7073472   5.7513239  16.5920000  22.4380000   5.0910000
  17.1578901  22.5651287   6.0138800  17.2106125  22.7311668   4.2427820
  15.3680000  23.2960000   5.1350000  14.6302232  22.7944380   5.7612747
  15.6428320  24.2478047   5.5895709  14.7760000  23.5550000   3.8360000
  14.5749722  22.6948674   3.3462458  14.7850000  24.6950000   3.1430000
  15.5960000  25.7210000   3.3830000  16.2655125  25.6658663   4.1371972
  15.5387881  26.5507599   2.8100036  13.7170000  25.0080000   2.3980000
  12.9241519  24.3829489   2.3696600  13.7092920  25.8676694   1.8678983
  16.4720000  18.5930000   4.3910000  16.0000000  17.7920000   5.2200000
  16.3070000  18.5210000   3.0740000  16.6305205  19.2628502   2.4697715
  15.4640000  17.4630000   2.4910000  14.6015633  17.3188207   3.1417798
  14.9660000  17.7790000   1.0850000  15.8119961  17.9813078   0.4281427
  14.4451342  16.8854323   0.7410007  14.0030000  18.9610000   1.0180000
  13.4540000  19.3440000   2.0590000  13.8400000  19.5550000  -0.1590000
  13.2107015  20.3406288  -0.2418890  14.3461217  19.2182540  -0.9655629
  16.1110000  16.0830000   2.5860000  15.4540000  15.0540000   2.8080000
  17.4010000  16.0410000   2.3550000  17.8608158  16.9343696   2.2522401
  18.1560000  14.8360000   2.0420000  17.5337947  13.9495817   2.1653786
  18.6220000  14.9100000   0.5760000  19.0038795  15.9037651   0.3421235
  19.3960836  14.1682719   0.3791904  17.3950000  14.6140000  -0.3000000
  16.9155617  13.7202002   0.0992012  16.7155950  15.4614943  -0.2090918
  17.7290000  14.3990000  -1.7310000  18.5438425  13.6825850  -1.8353084
  16.8592233  14.0420332  -2.2825094  18.1530000  15.6770000  -2.3010000
  18.8545998  16.1975055  -1.7941162  17.8260000  16.0800000  -3.5350000
  17.3780000  15.2250000  -4.4560000  17.2793234  14.2463582  -4.2266026
  17.1395798  15.5602943  -5.3784062  17.7350000  17.3880000  -3.7960000
  17.9129670  18.0596739  -3.0630047  17.4886982  17.6985238  -4.7249829
  19.2580000  14.4400000   2.9910000  19.5050000  13.2170000   3.0970000
  19.7430000  15.3720000   3.7730000  19.4879867  16.3424936   3.6580659
  20.8430000  15.0410000   4.7080000  21.2043968  14.0245647   4.5519523
  21.9910000  16.0180000   4.4260000  21.7155459  17.0133870   4.7744665
  22.8880359  15.6859621   4.9486638  22.5630000  16.0090000   2.7390000
  20.4480000  14.9330000   6.1590000  20.9720000  14.1160000   6.9400000
  19.7140000  15.9180000   6.6190000  19.4638997  16.6460251   5.9651433
  19.3320000  16.0850000   8.0250000  20.2092606  16.1934840   8.6627650
  18.4920000  17.3630000   8.1260000  19.1183963  18.2235782   7.8911978
  17.6686631  17.3084317   7.4137931  17.9300000  17.5120000   9.5470000
  17.6025847  16.5354431   9.9037026  18.7143574  17.8928935  10.2010686
  16.7450000  18.4810000   9.5540000  16.8874243  19.2420375   8.7867737
  15.8222529  17.9353108   9.3568691  16.6580000  19.1470000  10.9180000
  16.6264327  18.3640958  11.6757368  17.5544277  19.7511607  11.0576650
  15.4540000  20.0100000  11.0470000  14.6232263  19.4502813  10.9180435
  15.4377427  20.4300904  11.9653462  15.4832697  20.7357803  10.3452270
  18.6340000  14.8210000   8.5180000  17.8190000  14.2340000   7.7850000
  19.1520000  14.3180000   9.6350000  19.9591269  14.7396091  10.0719111
  18.5580000  13.1260000  10.2670000  18.7980781  13.1871162  11.3284737
  17.4795209  13.2105995  10.1334891  19.0180000  11.7810000   9.7330000
  18.4990000  10.7330000  10.1640000  19.8920000  11.8020000   8.7400000
  20.0890903  12.6819248   8.2850416  20.4730000  10.5780000   8.1710000
  19.9338341   9.7032428   8.5345920  20.4400000  10.5710000   6.5980000
  20.5863974   9.5488913   6.2487696  19.0950000  11.1040000   6.0740000
  18.9481042  12.1262994   6.4224613  19.0974119  11.0890045   4.9841062
  18.2853614  10.4747982   6.4437175  21.5600000  11.4040000   6.1610000
  21.5830114  11.4316284   5.2016734  21.8680000  10.3750000   8.7610000
  22.3210000  11.1190000   9.6500000  22.3920000   9.2130000   8.4310000
  21.7957645   8.5284749   7.9896457  23.7680000   8.8300000   8.7560000
  24.0227730   9.1972872   9.7499873  23.9340000   7.3130000   8.7380000
  23.2395680   6.8628818   9.4473996  23.7248668   6.9358437   7.7371696
  25.3470000   6.9000000   9.1210000  26.0510000   7.6330000   9.8300000
  25.7150000   5.7460000   8.8040000  26.6179125   5.6055678   9.0972948
  24.7130000   9.5430000   7.7790000  25.1780000   8.9500000   6.7800000
  25.0000989   5.2955712   8.3486064  26.9776526   7.3495000  10.0783857
  25.6899256   8.5049823  10.1605909  24.9880000  10.7930000   8.0940000
  24.4361732  11.2277637   8.8196494  25.8860000  11.6370000   7.3060000
  25.8649678  11.5105213   6.2235676  25.7210000  13.1340000   7.6300000
  26.5069501  13.6878069   7.1165026  24.3560000  13.6550000   7.1830000
  23.5694921  13.1019465   7.6964570  24.2731706  14.7141621   7.4267530
  24.2501618  13.5210992   6.1064451  26.0880000  13.4780000   9.0550000
  27.1302212  13.2150427   9.2359155  25.9498407  14.5467858   9.2184278
  25.4490304  12.9206460   9.7399637  27.3420000  11.1990000   7.3040000
  28.0990000  11.6040000   6.4060000  27.7010000  10.4300000   8.3060000
  27.0693308  10.3312478   9.0878832  29.0210000   9.7830000   8.3890000
  29.8250069  10.5181798   8.3546081  29.0880000   9.0480000   9.7280000
  28.5111891   9.5909249  10.4767462  28.6835206   8.0418421   9.6178057
  30.5300000   8.9650000  10.1670000  30.9250236   8.0425474   9.7413964
  31.1355795   9.8073390   9.8325744  30.6150000   8.8770000  11.6740000
  31.3680000   9.6320000  12.2830000  29.8840000   7.8710000  12.1510000
  29.8531663   7.7006692  13.1460569  29.3638522   7.2830749  11.5154752
  29.3170000   8.8610000   7.2070000  30.4800000   8.6690000   6.8200000
  28.3000000   8.2710000   6.5760000  27.4069057   8.3032874   7.0465734
  28.3900000   7.5480000   5.3110000  28.8976717   6.6058653   5.5177626
  26.9990000   7.2440000   4.7830000  26.4813605   8.1776057   4.5627052
  27.0772079   6.6490539   3.8730424  26.4385839   6.6868270   5.5337272
  29.1860000   8.2900000   4.2270000  30.0310000   7.7100000   3.5230000
  29.0210000   9.6160000   4.2400000  28.3141748  10.0143905   4.8414835
  29.7030000  10.5020000   3.2830000  29.6188674  10.1192584   2.2658816
  29.0270000  11.8720000   3.3470000  28.9605761  12.1160522   4.4072479
  29.4677412  12.7109666   2.8085000  27.6210000  11.7350000   2.8500000
  26.4850000  11.6080000   3.5880000  26.6001841  11.6432359   4.6713240
  25.4050000  11.4580000   2.7740000  24.4461646  11.3851920   3.0829227
  25.8270000  11.3910000   1.4790000  25.1110000  11.1840000   0.3110000
  24.0277763  11.0764934   0.3672795  25.8350000  11.1270000  -0.8690000
  25.3194600  10.9209341  -1.8070060  27.2220000  11.3290000  -0.8860000
  27.7612679  11.3808976  -1.8318310  27.9470000  11.4680000   0.2830000
  29.0357847  11.4821523   0.2335203  27.2410000  11.5470000   1.4810000
  31.2180000  10.5810000   3.3920000  31.9050000  10.9420000   2.4120000
  31.7410000  10.2690000   4.5540000  31.1203517  10.2075332   5.3484286
  33.1860000  10.2920000   4.8010000  33.8160855  10.4374852   3.9235460
  33.5040000  11.4030000   5.8630000  34.5813784  11.4246924   6.0269683
  33.0240000  12.8040000   5.3870000  31.9465694  12.7832178   5.2232563
  33.2610820  13.5477027   6.1477885  33.5275271  13.0641725   4.4559415
  32.9560000  10.9840000   7.2340000  31.9418490  11.3819478   7.2691562
  32.9176444   9.8950674   7.2047747  33.7290000  11.4370000   8.4880000
  33.7673761  12.5259065   8.5181611  33.2239335  11.0669057   9.3802092
  34.7431729  11.0390277   8.4537783  33.8630000   8.9550000   5.0240000
  35.1000000   8.8920000   5.1340000  33.0800000   7.8980000   5.1310000
  32.0794395   8.0334659   5.1059596  33.5940000   6.5340000   5.3200000
  34.3126577   6.5320634   6.1395283  32.4760000   5.5510000   5.6500000
  31.5985403   5.8109629   5.0578996  32.8071409   4.5465862   5.3861843
  32.1170000   5.5960000   7.1450000  33.0278465   5.5822971   7.7435580
  31.5539531   6.5037658   7.3618905  31.2770000   4.3920000   7.4820000
  30.7688608   4.0263750   6.5896929  31.9029138   3.6000451   7.8932650
  30.2820000   4.7540000   8.4660000  30.6918109   4.8243572   9.3864370
  28.9840000   4.9930000   8.3310000  28.3340000   4.6900000   7.2070000
  28.8331130   4.2690149   6.4364432  27.3454797   4.8828471   7.1312560
  28.3920000   5.5490000   9.3920000  28.9344949   5.7557360  10.2184742
  27.4047216   5.7599987   9.3626821  34.3110000   6.1130000   4.0360000
  33.8430000   6.3370000   2.9060000  35.4970000   5.5680000   4.2430000
  35.8861463   5.4867853   5.1714765  36.2910000   5.0580000   3.1020000
  36.7922279   4.1377526   3.4020242  35.6205127   4.8506440   2.2680039
  37.3340000   6.0660000   2.6580000  38.2200000   5.7290000   1.8550000
  37.3350000   7.2210000   3.2970000  36.6538153   7.3605448   4.0295394
  38.2340000   8.3330000   2.9610000  38.6493635   8.1990455   1.9621864
  37.4530000   9.6280000   2.9900000  37.0819321   9.8065891   3.9992144
  38.1020548  10.4511073   2.6911316  36.0100000   9.8160000   1.9360000
  39.4220000   8.3820000   3.9250000  39.2060000   8.2670000   5.1380000
  40.5860000   8.6950000   3.3930000  40.7159447   8.5266669   2.4056411
  41.7740000   8.9600000   4.2170000  41.5722084   8.5931643   5.2233851
  43.0470000   8.3040000   3.7070000  42.9930148   8.2520126   2.6195801
  43.8930321   8.9261796   3.9989286  43.2310000   6.8860000   4.2800000
  42.2538639   6.4047454   4.3212292  43.8823309   6.3276772   3.6075821
  43.8330000   6.9110000   5.6510000  43.2969858   7.6436000   6.2543947
  43.7239568   5.9230012   6.0982889  45.2460000   7.2630000   5.6360000
  45.8093503   6.5973083   5.1264998  45.8620000   8.2580000   6.2810000
  45.2410000   9.0690000   7.1510000  44.2580720   8.9397464   7.3439927
  45.7592950   9.8050444   7.6089394  47.1340000   8.5540000   5.9730000
  47.6138109   8.0246481   5.2590896  47.6058469   9.3048049   6.4564783
  41.8200000  10.4380000   4.5780000  41.9760000  11.2910000   3.6940000
  41.2890000  10.7150000   5.7710000  40.8804803   9.9515843   6.2910072
  41.0940000  12.0840000   6.2730000  41.3839733  12.7973704   5.5015615
  39.6350000  12.3350000   6.6460000  39.2935585  11.3400101   6.9315032
  39.6562286  12.9777102   7.5260983  38.6890000  12.9170000   5.6200000
  38.6398932  13.9918571   5.7942741  39.1120000  12.6570000   4.1910000
  39.1608863  11.5822803   4.0158242  38.3870602  13.1029881   3.5100759
  40.0932671  13.0981302   4.0160162  37.3100000  12.3250000   5.8860000
  36.9892508  12.5883044   6.8939138  36.5977088  12.7226542   5.1630798
  37.3554056  11.2400530   5.7915154  42.1190000  12.3820000   7.3700000
  43.2320000  12.6750000   6.9050000  41.7300000  12.2760000   8.5590000
